data discdatl;
     input no x1 x2 x3 type;
     label x1='A'
           x2='B'
           x3='C';
     cards;
1     76     99     5374     1
2     79.5   99     5359     1
3     78     99     5372     1
4     72.1   95.9   5242     1
5     73.8   77.7   5370     1
6     71.2   93     4250     2
7     75.3   94.9   3412     2
8     70     91.2   3390     2
9     72.8   99     2300     2
10    62.9   80.6   3799     2
;
run;
data discdat2;
     input no x1 x2 x3;
     label x1='A'
           x2='B'
           x3='C';
     cards;
1    68.5   79.3   1950
2    69.9   96.9   2840
3    77.6   93.8   5233
4    69.3   90.3   5158
;
run;
proc discrim data=discdatl testdata=discdat2
             crosslisterr testlist;
     class type;
     var x1-x3;
run;

语句解释
no-样品序号，type-原样品类别，label-标签，discrim-判别分析过程命令，
crosslisterr-要求以交叉表的形式输出实际类别与分类结果之间一致和不一致的有关信息。

逐步判别法过程命令
data discdatl;
     input group x1-x3 ;
     cards;
1     76     99     5374
1     79.5   99     5359
1     78     99     5372
1     72.1   95.9   5242
1     73.8   77.7   5370
2     71.2   93     4250
2     75.3   94.9   3412
2     70     91.2   3390
2     72.8   99     2300
2     62.9   80.6   3799
;
proc stepdisc sle=0.3 sls=0.3;
     class group;
     var x1-x3;
run;

语句解释: 
stepdisc-逐步判别法命令， sle、 sls规定选入变量和剔除
变量的显著水平。

x1、x3的判别分析过程命令
data discdatl;
     input no x1 x3 type;
     label x1='A'
           x3='B';
     cards;
1     76        5374     1
2     79.5      5359     1
3     78        5372     1
4     72.1      5242     1
5     73.8      5370     1
6     71.2      4250     2
7     75.3      3412     2
8     70        3390     2
9     72.8      2300     2
10    62.9      3799     2
;
run;
data discdat2;
     input no x1 x3;
     label x1='A'
           x3='B';
     cards;
1    68.5      1950
2    69.9      2840
3    77.6      5233
4    69.3      5158
;
run;
proc discrim data=discdatl testdata=discdat2
             crosslisterr testlist;
     class type;
     var x1 x3;
run;


date fitness;
     input x1-x15;
     cards;
  14.079  52.3   0.653   10.254  11.769  1.097  0    1.967  1.3    6.178  14.746  27.297 30.9  57.734  15.125
  29.641  46.1   3.682    6.429  20.563  4.808  5.4 24.253 29.941 15.638  10.784  24.555 13.6  24.495  21.284
   4.67  118.4   0.497   26.151  12.456 22.137 11.2 16.552 19.642  5.542  28.434  58.7   66.1 278.968  11.289
   4.639 120.6   1.84     9.242   4.492 10.848  8.5  8.282  5.341  5.21   28.46   54.052 29.2  56.453   8.889
   6.840 132.9   2.252    9.558   6.646  7.747  2.2  3.589  8.971  8.843  32.121  63.174 36    51.514  12.18
;
proc corr cov;
run;

date fitness;
     input x1-x15;
     cards;
  1.449  31.1   0.279   0.339   0.272   0.1    2.7    0.128 0.193 0.825  2.318  5.127  0.6  1.079 0.218
  2.434  27.1   1.584   2.327   0.962   2.905  6.8    1.953 2.3   0.857  4.716 10.101  6.7  5.498 1.104
  1.567  151.4  1.657   2.837   0.797   1.471  10.9   0.67  0.212 2.186 18.485 37.986  4.5  4.887 0.468
  1.300   58.6  1.533   1.499   0.552   0.499   2.5   0.31  0.298 0.987  7.77  12.581  1.1  2.011 0.469
  1.309   94.5  0.502   5.773   0.941   1.987  18.9   0.527 1.371 1.131 15.745 33.795 13.2 24.117 0.797
  0.177  110.5  0.218   7.374   0.179   3.04   31.5   0.126 0.338 0.248 23.221 47.387 19.8 41.274 0.215
;
proc corr cov;
run;

proc iml;
     n=5;
     m=6;
v=(n-1)*{112.51563        -376.76724           9.43450         -43.17240          57.50586    -48.44259         -15.00996          58.13975          75.75467          41.29886   -89.94027        -164.55815        -144.11239        -540.44021          49.42
        -376.76724        1712.35300         -13.86493         129.12222        -199.28689    212.80290          81.16550        -120.80977        -130.49708         -97.84099   390.49950         749.84893         459.86050        1675.84887        -167.16
           9.43450         -13.86493           1.69002          -7.02750           3.25103     -4.10242          -0.67036           6.15121           8.63096           4.98955    -4.06737          -6.85107         -18.96581         -87.73572           3.72
         -43.17240         129.12222          -7.02750          61.84282          -1.43384     55.12051          22.66769          11.55402          12.73486         -17.24454    30.54497          67.10576         144.94176         818.89840         -15.49
          57.50586        -199.28689           3.25103          -1.43384          38.82554     -8.47811          -0.50134          44.47453          57.50779          20.57195   -47.60482         -81.93411         -32.31882           1.56082          26.99
         -48.44259         212.80290          -4.10242          55.12051          -8.47811     64.26505          32.12775          23.28696          24.88376         -14.14603    46.65943          99.65893         129.60962         748.00540         -20.45
         -15.00996          81.16550          -0.67036          22.66769          -0.50134     32.12775          20.65800          24.07266          22.71045          -3.96222    15.96373          36.19848          45.32300         322.06511          -7.93
          58.13975        -120.80977           6.15121          11.55402          44.47453     23.28696          24.07266          87.58669         104.44289          26.36855   -34.90980         -48.51912         -16.37530         212.56004          24.65
          75.75467        -130.49708           8.63096          12.73486          57.50779     24.88376          22.71045         104.44289         135.72229          38.07596   -38.20893         -47.72473         -16.90980         233.54166          34.68
          41.29886         -97.84099           4.98955         -17.24454          20.57195    -14.14603          -3.96222          26.36855          38.07596          18.94926   -24.75995         -42.07425         -53.90689        -212.56938          18.33
         -89.94027         390.49950          -4.06737          30.54497         -47.60482     46.65943          15.96373         -34.90980         -38.20893         -24.75995    89.96259         171.44106         110.44675         390.23281         -39.40
        -164.55815         749.84893          -6.85107          67.10576         -81.93411     99.65893          36.19848         -48.51912         -47.72473         -42.07425   171.44106         332.44344         225.35080         871.38920         -71.15
        -144.11239         459.86050         -18.96581         144.94176         -32.31882    129.60962          45.32300         -16.37530         -16.90980         -53.90689   110.44675         225.35080         369.12300        1891.00569         -54.19
        -540.44021        1675.84887         -87.73572         818.89840           1.56082    748.00540         322.06511         212.56004         233.54166        -212.56938   390.23281         871.38920        1891.00569       10893.50661        -194.87
          49.42213        -167.16028           3.72618         -15.49081          26.99746    -20.45020          -7.93623          24.65323          34.68882          18.33062   -39.40429         -71.15859         -54.19528        -194.87521          22.70
w=(m-1)*{ 0.521795        -16.367553          0.324089         -1.249280          0.176520     -0.084184         -5.901413          0.401205          0.396784          0.191419   -4.111437         -8.246211         -3.312660         -8.832849          0.18
        -16.367553       2375.666667          1.707527         72.451767          0.840627     13.730680        310.176667        -10.535040        -17.363867         16.061900  361.831280        751.963747        152.262000        332.044813         -4.77
          0.324089          1.707527          0.485515         -0.820339          0.143008     -0.026313         -4.150743          0.286644          0.146672          0.269323   -1.179453         -2.892204         -2.659530         -6.917455          0.12
         -1.249280         72.451767         -0.820339          7.173025         -0.052727      2.402918         29.329357         -0.309447          0.209837         -0.524337   19.066463         40.565058         19.655730         41.755056         -0.02
          0.176520          0.840627          0.143008         -0.052727          0.114299      0.102134         -0.894323          0.169003          0.208216          0.119429   -0.286380         -0.418935         -0.312050         -1.600750          0.10
         -0.084184         13.730680         -0.026313          2.402918          0.102134      1.475660          9.685720          0.413095          0.611629         -0.222131    5.285703         11.641583          7.319400         13.239135          0.18
         -5.901413        310.176667         -4.150743         29.329357         -0.894323      9.685720        126.513667         -1.947880         -0.357827         -2.524160   81.113130        172.775317         82.283000        178.211633         -0.75
          0.401205        -10.535040          0.286644         -0.309447          0.169003      0.413095         -1.947880          0.474046          0.519880          0.063670   -1.840336         -3.492759         -0.488600         -3.226893          0.21
          0.396784        -17.363867          0.146672          0.209837          0.208216      0.611629         -0.357827          0.519880          0.750878         -0.074692   -1.956143         -3.410441          1.110080         -0.086422          0.28
          0.191419         16.061900          0.269323         -0.524337          0.119429     -0.222131         -2.524160          0.063670         -0.074692          0.406276    0.504924          1.121239         -2.138180         -5.231939          0.03
         -4.111437        361.831280         -1.179453         19.066463         -0.286380      5.285703         81.113130         -1.840336         -1.956143          0.504924   69.334187        144.390312         47.915310        104.558654         -0.76
         -8.246211        751.963747         -2.892204         40.565058         -0.418935     11.641583        172.775317         -3.492759         -3.410441          1.121239  144.390312        303.358159        103.102310        222.195135         -1.41
         -3.312660        152.262000         -2.659530         19.655730         -0.312050      7.319400         82.283000         -0.488600          1.110080         -2.138180   47.915310        103.102310         56.371000        118.786460         -0.01
         -8.832849        332.044813         -6.917455         41.755056         -1.600750     13.239135        178.211633         -3.226893         -0.086422         -5.231939  104.558654        222.195135        118.786460        261.570181         -1.07
          0.187482         -4.772413          0.120746         -0.024883          0.104588      0.187172         -0.751083          0.213065          0.283357          0.033617   -0.768568         -1.411403         -0.019250         -1.072933          0.12
     z=(v+w)/(n+m-2);
     l=eigval(z);
     c=eigvec(z);
     h=det(z);
xbar={11.9738 94.06    1.7848 12.3268  11.1852  9.3274   5.46   10.9286 13.039   8.2822 22.909  45.5556 35.16 93.8328 13.7534}`;
ybar={1.37267 78.86667 0.96217 3.35817  0.61717 1.66700 12.21667 0.619   0.78533 1.039  12.0425 24.49617 7.65 13.14433 0.54517}`;
   A={-0.054682  -0.051089   0.4068978  0.0433486 -0.407163   0.1902225  0.1015784  0.1700966  -0.292428,
       0.2992781  0.8691514  0.135096  -0.303602  -0.140217  -0.065321   0.0889454 -0.054481    0.0057783,
      -0.007808   0.003728   0.0501791 -0.021748   0.0765543  0.0387809  0.1672766  0.4344524  -0.164973,
       0.0730645 -0.013508  -0.002145   0.0746953 -0.116028   0.0488464  0.233826   0.2270758   0.8540221,
      -0.00662   -0.046059   0.2681046 -0.000223  -0.298789   0.1856291  0.0472065  0.16735    -0.006521,
       0.065107  -0.004287   0.0409611 -0.006277   0.4615276 -0.178531   0.5231182  0.0868356  -0.290071,
       0.0572476  0.0690644  0.1934666  0.690186  -0.285862  -0.539229   0.0035523 -0.138544   -0.037051,
       0.0109493 -0.048152   0.4649253 -0.002756   0.2734367 -0.26683    0.2622118  0.148889    0.1147506,
       0.012276  -0.054382   0.5866762  0.0252866  0.3793331  0.2831127 -0.152427  -0.227045    0.1889365,
      -0.019365  -0.003131   0.199919  -0.006534   0.0117789  0.2370058 -0.15506   -0.183832   -0.078781,
       0.0660857  0.1507175 -0.092916   0.2306495  0.1760916  0.0845612 -0.330968   0.7191332  -0.050651,
       0.1403806  0.2940198 -0.052693   0.5130483  0.317672   0.2987743 -0.203372  -0.109766   -0.018948,
       0.1761944  0.0020604 -0.242446   0.3087236 -0.081177   0.4808262  0.580139  -0.137795   -0.051957,
       0.9155879 -0.346069   0.0238832 -0.101577  -0.044667  -0.057663  -0.137637   0.0089984  -0.057071,
      -0.02044   -0.025343   0.1777676  0.027621  -0.227873   0.2451542  0.0279865  0.1313938  -0.091508};
           d={5651.7929     0         0        0          0          0         0          0          0,
                 0       2070.0046    0        0          0          0         0          0          0,
                 0          0       144.2693   0          0          0         0          0          0,
                 0          0         0       84.687324   0          0         0          0          0,
                 0          0         0        0         20.939468   0         0          0          0,
                 0          0         0        0          0         12.417486  0          0          0,
                 0          0         0        0          0          0         1.0048847  0          0,
                 0          0         0        0          0          0         0          0.3833345  0,
                 0          0         0        0          0          0         0          0          0.0849791};
                                 s1=-0.78845+(-1/2)*(xbar)`*A*inv(d)*A`*xbar;
                                 c1=(A*inv(d)*A`*xbar)`;
                                 s2=-0.6061+(-1/2)*(ybar)`*A*inv(d)*A`*ybar;
                                 c2=(A*inv(d)*A`*ybar)`;
 print z;
     print l;
     print c;
     print A;
     print s1;
     print c1;
     print s2;
     print c2;
     run;

proc iml;
x1={1  14.079  52.3   0.653   10.254  11.769   1.097   0     1.967  1.3    6.178  14.746  27.297  30.9  57.734  15.125,
    1  29.641  46.1   3.682    6.429  20.563   4.808   5.4  24.253 29.941 15.638  10.784  24.555  13.6  24.495  21.284,
    1  4.67   118.4   0.497   26.151  12.456  22.137  11.2  16.552 19.642  5.542  28.434  58.7    66.1 278.968  11.289,
    1  4.639  120.6   1.84     9.242   4.492  10.848   8.5   8.282  5.341  5.21   28.46   54.052  29.2  56.453   8.889,
    1  6.840  132.9   2.252    9.558   6.646   7.747   2.2   3.589  8.971  8.843  32.121  63.174  36    51.514  12.18,
    1  1.449   31.1   0.279    0.339   0.272   0.1     2.7   0.128  0.193  0.825   2.318   5.127   0.6   1.079  0.218,
    1  2.434   27.1   1.584    2.327   0.962   2.905   6.8   1.953  2.3    0.857   4.716  10.101   6.7   5.498  1.104,
    1  1.567  151.4   1.657    2.837   0.797   1.471  10.9   0.67   0.212  2.186  18.485  37.986   4.5   4.887  0.468,
    1  1.300   58.6   1.533    1.499   0.552   0.499   2.5   0.31   0.298  0.987   7.77   12.581   1.1   2.011  0.469,
    1  1.309   94.5   0.502    5.773   0.941   1.987  18.9   0.527  1.371  1.131  15.745  33.795  13.2  24.117  0.797,
    1  0.177  110.5   0.218    7.374   0.179   3.04   31.5   0.126  0.338 0.248 23.221 47.387 19.8 41.274 0.215};
C={-234.0267  16.065628 -0.773692  17.58897   -23.78413 5.0217401 16.718688  -2.85142   0.990101  -12.79753   -2.1589  15.692877  -2.969472 4.8637639  0.9732735 7.2338943,
     -7.569873 1.7011095 0.2146061  1.5895934  -2.18565 0.4704387  2.4021527  0.0589203 0.4078596  -1.440095  -0.338634 0.2259146 -0.669157 1.5309011 -0.129839  0.6599562}`;
Y1=x1*C;
x2={1  3.205  54.5  28.53  0.878   1.409   0.394  11.6  2.305  0.547 2.932   4.818   9.003  2.7   3.914 1.472,
    1  1.318 136.3  1.011  1.6     0.42    1.838   1.3  0.77   0.78  2.267  23.32   42.875  9.1  12.129 0.452,
    1  0.275 739.5  3.572  27.841  0.884  13.314  28.6  0.622  0.143 1.885 169.772 319.907 54.2 917.328 0.718,
    1  2.056 101.5  0.898  8.276   2.313   5.369  10.5  2.444  5.145 3.854  34.691  67.047 15.1  21.83  1.362,
    1  3.792 104.5  0.321  8.153   3.724   1.059   2.5  0.77   1.913 4.032  22.869  43.924 27    17.776 5.678};
Y2=x2*C;
     print Y1;
     print Y2;
     run;
Data pgm33b;
Input x1-x6;
     cards;
631.6   161.9   0.36    403      26073  35.34
498.4   143.2   3.57    176      10223  6.26
557.6   70.6    2.18    199      11571  9.48
648.1   281.8   1.4         286  16660  29.39
644         93.5        1.98    234      13621  22.68
620.3   248.6   2.56    296      17210  21.84
498.4   147.5   2.5         284  13578  13.49
469.4   56.1    3.68    119      6911   1.72
434.5   73          3.36        99       5795   1.66
81.9    16.3    3.02    19       876    0.52
138.6   8.2         1.4     31   1411   1.28
92.2    9.8         2.61        31       1751   0.35
174.9   5           5.12        24       1101   0.48
169         6.5     3.68        40       1796   1.45
262.2   49.4    2.66    68       3067   3.09
195.5   88.4    4.19    53       2734   1.25
78.6    27.8    4.95    22       1662   0.11
13.6    0.3         6.28        2        101    0.01
559.1   42.9    1.27    201      11702  4.76
521.1   122.5   0.98    248      14461  11.91
;
Proc cluster standard method=complete nonorm
nosquare ccc pseudo out=tree;
Proc tree data=tree horizontal spaces=1; run;

Data pgm33b;
Input x1-x6;
     cards;
631.6   161.9   0.36    403      26073  35.34
498.4   143.2   3.57    176      10223  6.26
557.6   70.6    2.18    199      11571  9.48
648.1   281.8   1.4         286  16660  29.39
644         93.5        1.98    234      13621  22.68
620.3   248.6   2.56    296      17210  21.84
498.4   147.5   2.5         284  13578  13.49
469.4   56.1    3.68    119      6911   1.72
434.5   73          3.36        99       5795   1.66
81.9    16.3    3.02    19       876    0.52
138.6   8.2         1.4     31   1411   1.28
92.2    9.8         2.61        31       1751   0.35
174.9   5           5.12        24       1101   0.48
169         6.5     3.68        40       1796   1.45
262.2   49.4    2.66    68       3067   3.09
195.5   88.4    4.19    53       2734   1.25
78.6    27.8    4.95    22       1662   0.11
13.6    0.3         6.28        2        101    0.01
559.1   42.9    1.27    201      11702  4.76
521.1   122.5   0.98    248      14461  11.91
;
Proc cluster standard method=centroid nonorm
nosquare ccc pseudo out=tree;
Proc tree data=tree horizontal spaces=1; run;

Data pgm33b;
Input x1-x6;
     cards;
631.6   161.9   0.36    403      26073  35.34
498.4   143.2   3.57    176      10223  6.26
557.6   70.6    2.18    199      11571  9.48
648.1   281.8   1.4         286  16660  29.39
644         93.5        1.98    234      13621  22.68
620.3   248.6   2.56    296      17210  21.84
498.4   147.5   2.5         284  13578  13.49
469.4   56.1    3.68    119      6911   1.72
434.5   73          3.36        99       5795   1.66
81.9    16.3    3.02    19       876    0.52
138.6   8.2         1.4     31   1411   1.28
92.2    9.8         2.61        31       1751   0.35
174.9   5           5.12        24       1101   0.48
169         6.5     3.68        40       1796   1.45
262.2   49.4    2.66    68       3067   3.09
195.5   88.4    4.19    53       2734   1.25
78.6    27.8    4.95    22       1662   0.11
13.6    0.3         6.28        2        101    0.01
559.1   42.9    1.27    201      11702  4.76
521.1   122.5   0.98    248      14461  11.91
;
Proc cluster standard method=ward nonorm
nosquare ccc pseudo out=tree;
Proc tree data=tree horizontal spaces=1; run;

Data pgm33b;
Input x1-x6;
     cards;
631.6   161.9   0.36    403      26073  35.34
648.1   281.8   1.4         286  16660  29.39
620.3   248.6   2.56    296      17210  21.84
;
Proc corr cov;
run;

Data pgm33b;
Input x1-x6;
     cards;
498.4   143.2   3.57    176      10223  6.26
557.6   70.6    2.18    199      11571  9.48
644         93.5        1.98    234      13621  22.68
498.4   147.5   2.5         284  13578  13.49
469.4   56.1    3.68    119      6911   1.72
434.5   73          3.36        99       5795   1.66
559.1   42.9    1.27    201      11702  4.76
521.1   122.5   0.98    248      14461  11.91
;
Proc corr cov;
run;

Data pgm33b;
Input x1-x6;
     cards;
631.6   161.9   0.36    403      26073  35.34
498.4   143.2   3.57    176      10223  6.26
557.6   70.6    2.18    199      11571  9.48
648.1   281.8   1.4     286      16660  29.39
644      93.5   1.98    234      13621  22.68
620.3   248.6   2.56    296      17210  21.84
498.4   147.5   2.5     284      13578  13.49
469.4   56.1    3.68    119       6911   1.72
434.5   73      3.36     99       5795   1.66
81.9    16.3    3.02     19       876    0.52
138.6   8.2     1.4      31       1411   1.28
92.2    9.8     2.61     31       1751   0.35
174.9   5       5.12     24       1101   0.48
169     6.5     3.68     40       1796   1.45
262.2   49.4    2.66     68       3067   3.09
195.5   88.4    4.19     53       2734   1.25
78.6    27.8    4.95     22       1662   0.11
13.6    0.3     6.28      2        101   0.01
559.1   42.9    1.27    201      11702   4.76
521.1   122.5   0.98    248      14461  11.91
;
Proc corr cov;
run;





